time	AA	InSA	MD	AF	NT	Nea	WP	EP
-84	0	0.25	0	0	0.083333333	0.25	0.166666667	0.25
-83.5	0	0.25	0	0	0.083333333	0.25	0.166666667	0.25
-83	0	0.25	0	0	0.083333333	0.25	0.166666667	0.25
-82.5	0	0.25	0	0	0.083333333	0.25	0.166666667	0.25
-82	0	0.25	0	0	0.083333333	0.25	0.166666667	0.25
-81.5	0	0.25	0	0	0.083333333	0.25	0.166666667	0.25
-81	0	0.25	0	0	0.083333333	0.25	0.166666667	0.25
-80.5	0	0.25	0	0	0.083333333	0.25	0.166666667	0.25
-80	0	0.285714286	0	0	0.047619048	0.238095238	0.19047619	0.238095238
-79.5	0	0.294117647	0	0	0.058823529	0.235294118	0.176470588	0.235294118
-79	0	0.294117647	0	0	0.058823529	0.235294118	0.176470588	0.235294118
-78.5	0	0.294117647	0	0	0.058823529	0.235294118	0.176470588	0.235294118
-78	0	0.294117647	0	0	0.058823529	0.235294118	0.176470588	0.235294118
-77.5	0	0.294117647	0	0	0.058823529	0.235294118	0.176470588	0.235294118
-77	0	0.294117647	0	0	0.058823529	0.235294118	0.176470588	0.235294118
-76.5	0	0.294117647	0	0	0.058823529	0.235294118	0.176470588	0.235294118
-76	0	0.294117647	0	0	0.058823529	0.235294118	0.176470588	0.235294118
-75.5	0	0.368421053	0	0	0.052631579	0.210526316	0.157894737	0.210526316
-75	0	0.357142857	0	0	0.071428571	0.214285714	0.142857143	0.214285714
-74.5	0	0.357142857	0	0	0.071428571	0.214285714	0.142857143	0.214285714
-74	0	0.357142857	0	0	0.071428571	0.214285714	0.142857143	0.214285714
-73.5	0	0.357142857	0	0	0.071428571	0.214285714	0.142857143	0.214285714
-73	0	0.357142857	0	0	0.071428571	0.214285714	0.142857143	0.214285714
-72.5	0	0.357142857	0	0	0.071428571	0.214285714	0.142857143	0.214285714
-72	0	0.357142857	0	0	0.071428571	0.214285714	0.142857143	0.214285714
-71.5	0	0.357142857	0	0	0.071428571	0.214285714	0.142857143	0.214285714
-71	0	0.357142857	0	0	0.071428571	0.214285714	0.142857143	0.214285714
-70.5	0	0.357142857	0	0	0.071428571	0.214285714	0.142857143	0.214285714
-70	0	0.357142857	0	0	0.071428571	0.214285714	0.142857143	0.214285714
-69.5	0	0.4375	0	0	0.0625	0.1875	0.125	0.1875
-69	0	0.4	0	0	0.066666667	0.2	0.133333333	0.2
-68.5	0	0.4	0	0	0.066666667	0.2	0.133333333	0.2
-68	0	0.4	0	0	0.066666667	0.2	0.133333333	0.2
-67.5	0	0.4	0	0	0.066666667	0.2	0.133333333	0.2
-67	0	0.4	0	0	0.066666667	0.2	0.133333333	0.2
-66.5	0	0.4	0	0	0.066666667	0.2	0.133333333	0.2
-66	0	0.4	0	0	0.066666667	0.2	0.133333333	0.2
-65.5	0	0.444444444	0	0	0.055555556	0.166666667	0.111111111	0.222222222
-65	0	0.411764706	0	0	0.058823529	0.176470588	0.117647059	0.235294118
-64.5	0	0.411764706	0	0	0.058823529	0.176470588	0.117647059	0.235294118
-64	0	0.411764706	0	0	0.058823529	0.176470588	0.117647059	0.235294118
-63.5	0	0.411764706	0	0	0.058823529	0.176470588	0.117647059	0.235294118
-63	0	0.411764706	0	0	0.058823529	0.176470588	0.117647059	0.235294118
-62.5	0	0.411764706	0	0	0.058823529	0.176470588	0.117647059	0.235294118
-62	0	0.428571429	0	0.047619048	0.095238095	0.142857143	0.095238095	0.19047619
-61.5	0	0.4	0	0.05	0.1	0.15	0.1	0.2
-61	0	0.434782609	0	0.086956522	0.086956522	0.130434783	0.086956522	0.173913043
-60.5	0	0.409090909	0	0.090909091	0.090909091	0.136363636	0.090909091	0.181818182
-60	0	0.44	0	0.12	0.08	0.12	0.08	0.16
-59.5	0	0.416666667	0	0.125	0.083333333	0.125	0.083333333	0.166666667
-59	0	0.416666667	0	0.125	0.083333333	0.125	0.083333333	0.166666667
-58.5	0	0.416666667	0	0.125	0.083333333	0.125	0.083333333	0.166666667
-58	0	0.416666667	0	0.125	0.083333333	0.125	0.083333333	0.166666667
-57.5	0	0.416666667	0	0.125	0.083333333	0.125	0.083333333	0.166666667
-57	0	0.416666667	0	0.125	0.083333333	0.125	0.083333333	0.166666667
-56.5	0	0.416666667	0	0.125	0.083333333	0.125	0.083333333	0.166666667
-56	0	0.416666667	0	0.125	0.083333333	0.125	0.083333333	0.166666667
-55.5	0	0.416666667	0	0.125	0.083333333	0.125	0.083333333	0.166666667
-55	0	0.433333333	0	0.166666667	0.1	0.1	0.066666667	0.133333333
-54.5	0	0.428571429	0	0.142857143	0.107142857	0.107142857	0.071428571	0.142857143
-54	0.03125	0.4375	0	0.125	0.125	0.09375	0.0625	0.125
-53.5	0.032258065	0.419354839	0	0.129032258	0.129032258	0.096774194	0.064516129	0.129032258
-53	0.032258065	0.419354839	0	0.129032258	0.129032258	0.096774194	0.064516129	0.129032258
-52.5	0.032258065	0.419354839	0	0.129032258	0.129032258	0.096774194	0.064516129	0.129032258
-52	0.032258065	0.419354839	0	0.129032258	0.129032258	0.096774194	0.064516129	0.129032258
-51.5	0.032258065	0.419354839	0	0.129032258	0.129032258	0.096774194	0.064516129	0.129032258
-51	0.023255814	0.395348837	0	0.162790698	0.186046512	0.069767442	0.046511628	0.11627907
-50.5	0.027027027	0.378378378	0	0.135135135	0.189189189	0.081081081	0.054054054	0.135135135
-50	0.027027027	0.378378378	0	0.135135135	0.189189189	0.081081081	0.054054054	0.135135135
-49.5	0.065217391	0.413043478	0	0.130434783	0.173913043	0.065217391	0.043478261	0.108695652
-49	0.068181818	0.386363636	0	0.136363636	0.181818182	0.068181818	0.045454545	0.113636364
-48.5	0.068181818	0.386363636	0	0.136363636	0.181818182	0.068181818	0.045454545	0.113636364
-48	0.06	0.38	0	0.18	0.18	0.06	0.04	0.1
-47.5	0.0625	0.375	0	0.166666667	0.1875	0.0625	0.041666667	0.104166667
-47	0.058823529	0.352941176	0	0.156862745	0.235294118	0.058823529	0.039215686	0.098039216
-46.5	0.103448276	0.362068966	0	0.137931034	0.224137931	0.051724138	0.034482759	0.086206897
-46	0.114754098	0.344262295	0	0.131147541	0.245901639	0.049180328	0.032786885	0.081967213
-45.5	0.098360656	0.327868852	0	0.147540984	0.262295082	0.049180328	0.032786885	0.081967213
-45	0.1	0.333333333	0	0.15	0.25	0.05	0.033333333	0.083333333
-44.5	0.1	0.333333333	0	0.15	0.25	0.05	0.033333333	0.083333333
-44	0.112676056	0.366197183	0	0.126760563	0.23943662	0.042253521	0.028169014	0.084507042
-43.5	0.12	0.36	0	0.133333333	0.24	0.04	0.026666667	0.08
-43	0.111111111	0.361111111	0	0.138888889	0.236111111	0.041666667	0.027777778	0.083333333
-42.5	0.132075472	0.330188679	0	0.132075472	0.264150943	0.047169811	0.018867925	0.075471698
-42	0.12244898	0.336734694	0	0.153061224	0.285714286	0.030612245	0.010204082	0.06122449
-41.5	0.110169492	0.322033898	0	0.203389831	0.279661017	0.025423729	0.008474576	0.050847458
-41	0.109090909	0.327272727	0	0.2	0.272727273	0.027272727	0.009090909	0.054545455
-40.5	0.099173554	0.338842975	0	0.214876033	0.26446281	0.024793388	0.008264463	0.049586777
-40	0.114503817	0.328244275	0	0.213740458	0.267175573	0.022900763	0.007633588	0.045801527
-39.5	0.1328125	0.328125	0	0.1953125	0.265625	0.0234375	0.0078125	0.046875
-39	0.109375	0.3203125	0	0.1953125	0.265625	0.0234375	0.015625	0.0703125
-38.5	0.095588235	0.316176471	0	0.220588235	0.272058824	0.022058824	0.014705882	0.058823529
-38	0.124183007	0.294117647	0	0.202614379	0.294117647	0.019607843	0.013071895	0.052287582
-37.5	0.125874126	0.314685315	0	0.20979021	0.272727273	0.013986014	0.013986014	0.048951049
-37	0.133757962	0.292993631	0	0.197452229	0.286624204	0.012738854	0.012738854	0.063694268
-36.5	0.113636364	0.295454545	0	0.227272727	0.272727273	0.011363636	0.017045455	0.0625
-36	0.104972376	0.303867403	0	0.20441989	0.287292818	0.011049724	0.016574586	0.071823204
-35.5	0.102702703	0.281081081	0	0.2	0.297297297	0.021621622	0.016216216	0.081081081
-35	0.10880829	0.295336788	0	0.196891192	0.274611399	0.020725389	0.015544041	0.088082902
-34.5	0.104477612	0.268656716	0	0.208955224	0.278606965	0.024875622	0.024875622	0.089552239
-34	0.097674419	0.28372093	0	0.190697674	0.269767442	0.037209302	0.018604651	0.102325581
-33.5	0.10952381	0.285714286	0	0.176190476	0.261904762	0.033333333	0.019047619	0.114285714
-33	0.103773585	0.273584906	0	0.188679245	0.259433962	0.033018868	0.018867925	0.122641509
-32.5	0.092827004	0.248945148	0	0.185654008	0.274261603	0.042194093	0.029535865	0.126582278
-32	0.089494163	0.260700389	0	0.20233463	0.272373541	0.035019455	0.027237354	0.112840467
-31.5	0.084337349	0.253012048	0	0.192771084	0.277108434	0.036144578	0.02811245	0.128514056
-31	0.085365854	0.256097561	0	0.195121951	0.272357724	0.036585366	0.028455285	0.12601626
-30.5	0.092	0.252	0	0.192	0.276	0.036	0.028	0.124
-30	0.091575092	0.245421245	0	0.19047619	0.282051282	0.043956044	0.025641026	0.120879121
-29.5	0.092783505	0.254295533	0	0.18556701	0.264604811	0.041237113	0.027491409	0.134020619
-29	0.103202847	0.256227758	0	0.192170819	0.263345196	0.039145907	0.024911032	0.120996441
-28.5	0.104377104	0.239057239	0	0.185185185	0.272727273	0.04040404	0.033670034	0.124579125
-28	0.094339623	0.232704403	0.003144654	0.179245283	0.261006289	0.050314465	0.037735849	0.141509434
-27.5	0.092307692	0.249230769	0.003076923	0.178461538	0.270769231	0.049230769	0.030769231	0.126153846
-27	0.094512195	0.259146341	0.00304878	0.173780488	0.271341463	0.045731707	0.027439024	0.125
-26.5	0.101538462	0.252307692	0.003076923	0.169230769	0.276923077	0.046153846	0.027692308	0.123076923
-26	0.089918256	0.258855586	0.005449591	0.177111717	0.269754768	0.046321526	0.035422343	0.117166213
-25.5	0.086350975	0.278551532	0.005571031	0.167130919	0.264623955	0.044568245	0.030640669	0.122562674
-25	0.082914573	0.266331658	0.005025126	0.163316583	0.283919598	0.042713568	0.035175879	0.120603015
-24.5	0.084158416	0.254950495	0.004950495	0.150990099	0.274752475	0.047029703	0.037128713	0.146039604
-24	0.079136691	0.263788969	0.004796163	0.160671463	0.270983213	0.047961631	0.040767386	0.131894484
-23.5	0.074889868	0.257709251	0.00660793	0.145374449	0.284140969	0.046255507	0.039647577	0.145374449
-23	0.081318681	0.248351648	0.006593407	0.147252747	0.29010989	0.046153846	0.043956044	0.136263736
-22.5	0.075949367	0.257383966	0.012658228	0.143459916	0.280590717	0.048523207	0.040084388	0.141350211
-22	0.072874494	0.246963563	0.012145749	0.141700405	0.291497976	0.050607287	0.04048583	0.143724696
-21.5	0.078095238	0.253333333	0.011428571	0.142857143	0.287619048	0.047619048	0.04	0.139047619
-21	0.070052539	0.239929947	0.012259194	0.152364273	0.278458844	0.047285464	0.050788091	0.148861646
-20.5	0.077186964	0.241852487	0.010291595	0.145797599	0.279588336	0.042881647	0.048027444	0.154373928
-20	0.069918699	0.250406504	0.009756098	0.14796748	0.289430894	0.040650407	0.043902439	0.14796748
-19.5	0.065449011	0.246575342	0.00913242	0.158295282	0.267884323	0.03805175	0.051750381	0.162861492
-19	0.063703704	0.244444444	0.011851852	0.16	0.282962963	0.038518519	0.045925926	0.152592593
-18.5	0.066570188	0.24602026	0.011577424	0.15918958	0.279305355	0.033285094	0.049204052	0.154848046
-18	0.067024129	0.242627346	0.014745308	0.160857909	0.278820375	0.034852547	0.049597855	0.151474531
-17.5	0.065616798	0.234908136	0.011811024	0.162729659	0.288713911	0.034120735	0.051181102	0.150918635
-17	0.06763285	0.22705314	0.020531401	0.152173913	0.289855072	0.039855072	0.050724638	0.152173913
-16.5	0.071593533	0.224018476	0.016166282	0.159353349	0.29330254	0.038106236	0.046189376	0.151270208
-16	0.066590126	0.221584386	0.019517796	0.158438576	0.298507463	0.035591274	0.048220436	0.151549943
-15.5	0.069189189	0.215135135	0.022702703	0.155675676	0.308108108	0.032432432	0.045405405	0.151351351
-15	0.065671642	0.212935323	0.020895522	0.148258706	0.313432836	0.039800995	0.049751244	0.149253731
-14.5	0.065510597	0.206165703	0.020231214	0.156069364	0.322736031	0.032755299	0.047206166	0.149325626
-14	0.0760181	0.208144796	0.021719457	0.151131222	0.314932127	0.033484163	0.046153846	0.14841629
-13.5	0.070446735	0.20532646	0.023195876	0.155498282	0.317010309	0.033505155	0.048109966	0.146907216
-13	0.072831424	0.203764321	0.024549918	0.14811784	0.317512275	0.035188216	0.050736498	0.147299509
-12.5	0.070188679	0.198490566	0.027924528	0.153207547	0.317735849	0.033962264	0.054339623	0.144150943
-12	0.072297781	0.197566213	0.025769506	0.14889048	0.329277022	0.033643522	0.049391553	0.143163923
-11.5	0.080656186	0.194121668	0.030075188	0.147641832	0.329460014	0.032125769	0.04784689	0.138072454
-11	0.075178224	0.181464679	0.031108231	0.144523655	0.333117304	0.033052495	0.058976021	0.142579391
-10.5	0.075738916	0.17364532	0.02955665	0.144704433	0.33682266	0.036945813	0.061576355	0.141009852
-10	0.074198988	0.174817313	0.035413153	0.145587409	0.337268128	0.037661608	0.060708263	0.134345138
-9.5	0.074650078	0.172628305	0.035251426	0.142560912	0.338517367	0.035769829	0.062726801	0.137895283
-9	0.073028238	0.169425511	0.035053554	0.137779942	0.348588121	0.033106134	0.065725414	0.137293087
-8.5	0.068202349	0.16802168	0.034778681	0.134598013	0.357723577	0.033423668	0.067750678	0.135501355
-8	0.067903838	0.165331084	0.035428089	0.128637706	0.356389709	0.035849852	0.067482075	0.142977647
-7.5	0.06424581	0.15802075	0.035115722	0.138068635	0.361532322	0.03471668	0.069832402	0.138467678
-7	0.064766839	0.156920799	0.038119911	0.140266469	0.36861584	0.032938564	0.064396743	0.133974833
-6.5	0.065306122	0.155442177	0.03877551	0.13707483	0.368367347	0.035034014	0.070748299	0.129251701
-6	0.062519835	0.152649952	0.042208823	0.147572199	0.366867661	0.033322755	0.068549667	0.126309108
-5.5	0.062044859	0.14681037	0.044567434	0.143314885	0.368482377	0.036702592	0.074570347	0.123507137
-5	0.058117326	0.141609823	0.043110505	0.144338336	0.377899045	0.034652115	0.074488404	0.125784447
-4.5	0.057692308	0.144230769	0.040540541	0.144230769	0.377338877	0.036902287	0.076403326	0.122661123
-4	0.05971564	0.141943128	0.040047393	0.143601896	0.384834123	0.036255924	0.076777251	0.116824645
-3.5	0.057874972	0.138723216	0.042191297	0.138502319	0.387894853	0.038215154	0.080185553	0.116412635
-3	0.056242274	0.136382365	0.040173053	0.1394726	0.391635764	0.038936959	0.081788216	0.115368768
-2.5	0.056679389	0.134160305	0.038740458	0.138549618	0.388358779	0.042366412	0.083206107	0.117938931
-2	0.056506239	0.130124777	0.038680927	0.140285205	0.387522282	0.044206774	0.086631016	0.116042781
-1.5	0.053193292	0.125529392	0.035744537	0.143994579	0.392004066	0.046417076	0.089954261	0.113162799
-1	0.052814674	0.122232764	0.03399747	0.142473118	0.391049968	0.049968374	0.093611638	0.113851992
-0.5	0.053125962	0.121034801	0.033877425	0.144287034	0.38882045	0.046966431	0.094548814	0.117339082